1280.3342935637886 199.06470886346054 161.01939358366226
1062.6468371287788 191.60520708483153 -169.03480331486207
709.4847621341039 203.51313747525018 -138.24911156072068
1393.9390727552018 312.0273006563329 -142.70933308003396
697.3775854709147 615.2752273403443 -118.44292862436335
1405.974548678942 468.5784945342699 -132.51044707800085
1122.0951718452104 593.0994744164477 -164.53166034790888
1146.6798709032928 693.0504476120951 -149.21585347367358
1363.1707398684734 674.4449892539541 -170.48205083905125
915.5666330848277 887.1760897306735 -112.32285838375508
1406.8416561529173 936.8710946508756 -91.06091169026422
1024.905222982146 339.51407566792176 180.0
986.9380167897493 515.1024553430536 -120.18058224820996
1283.6133414027302 543.8151704660077 100.3663226034505
1135.613791870915 876.6472503063726 99.29330859939712
1254.1969078140376 844.3070079663553 -101.65384058583433
813.4665542213833 495.96270564769816 166.9792326943753
792.5307767236433 755.3837316360434 -105.22443001851897
973.5988426649984 723.6694948389115 -119.11986122292474
1008.984513036947 926.7608998891234 -95.77811906912666
1159.876537756181 349.6164411067829 90.0