980.0939896212532 175.69677019595693 150.3408907640049
712.9459159514649 177.38673917332542 -145.45625059223087
1461.6244316409775 947.1999146435546 -98.82637095422793
1019.8066666666666 812.6765847511026 179.31793960682734
1167.389132603556 223.13252155849835 122.60728652305397
808.7761040143541 253.35746230684768 -140.23747606681252
1157.2203731129991 750.6856211188192 118.61045966596521
1265.0346122081237 469.12657356658406 -151.14433878028348
1262.2979545631977 875.6125770942306 -124.76180233348704
1363.972309982167 971.4600165690775 92.12109639666146
1038.4917801543945 349.0584878561719 175.8900020387252
665.0227355213356 649.8158993104163 90.0
1370.2936557139903 726.0903208307501 178.95837332399003
1248.0782342089535 334.2464078779847 -155.08437149159647
1408.1735387585984 423.92440028426995 90.0
1394.66313014655 592.6621905544897 99.74709013910747
849.3039552995145 550.4910785725716 -147.7396467924821
879.7661283304116 835.0294903833003 -94.62657070937152
729.952786709539 469.3733922829582 -133.5311992856142
654.5690902119445 347.7815239379636 92.45904399010462
997.7929052234787 995.3636645126547 -168.82616175818526
639.2884430457208 846.8520849724626 97.79560202061595
875.7840777467015 373.59003587874673 -127.90525083238897
967.6273859379966 628.8384956669569 123.78717892368813
1134.1829233813967 581.4620945918656 -122.81908392099444
1370.2022954696195 158.5002451192433 -156.80140948635182
848.632295972753 673.7316901957726 -154.49306191115102
1128.9815072226763 971.2340964840556 109.44003482817618
1039.8816665213474 475.2484959455925 173.69839126476518
1397.3774431675195 255.49422587590524 -160.34617594194668