1187.710498436403 977.1609930435892 91.37209164946061
1196.476082435243 202.2544364314075 -108.32539679674551
684.4288186312776 851.9809393702835 102.78907227632625
1147.2307662433493 338.7229536422126 149.56948765307027
690.3637347142197 998.2289767340092 -178.97084519569404
1361.064334774536 998.2663368779131 -166.13031356149494
1012.4290264834411 572.1872400358027 151.41723283043478
845.4789651407824 178.63712646304617 175.8653286262636
1101.1886101768177 467.5852818413908 136.75085418654285
988.4595261405914 262.3615168722668 -105.3762512488262
622.6666666666666 570.3333333333333 135.0
654.1468778564509 517.208502162376 102.94262426579458
853.158115964802 977.8712287869265 94.15964229371265
1321.543827553293 291.40865945487326 -91.0479766460065
1047.5865020772142 896.7691910772406 111.08768244824911
1123.2271510116643 727.2440012017189 112.51272009020964
1304.6199209971664 559.9208157112349 137.96093613416377
681.5735253282558 137.5393179684504 163.49563861824498
1442.626520632098 241.58757358983684 -90.7117122060357
943.7622348935472 998.1720063994749 93.90854429445946
708.3254253739865 264.62143142628753 138.59125903720556
1362.3787095799335 467.3779238440616 153.43494882292202
1438.4855536611217 634.7120562800485 -103.52316065041602
1420.092161969429 850.7832449694602 90.0
1222.6759259259259 824.6666666666666 -90.0
1301.9650169799793 844.7035821362092 -172.96205923681532
920.94569311306 728.619348698076 90.70731936854425
791.1316516881575 807.9017641355157 90.0
816.8741942683102 396.8439079463852 -170.76170706870693
931.5334946036472 445.00983128644083 -110.88580146069305
1267.5602820746133 750.7052813163482 160.2920211570213