999.6172218481404 202.7170356874084 164.43848967467153
1343.8365409605099 745.1584800361114 103.86546668748062
1406.3573891428114 320.4385106781065 -104.88626684901756
669.1484339956199 344.8725296181957 -128.87581393953752
1044.1908403855728 660.8968638276689 -105.70863782901574
1330.1144255774818 222.90168390581425 -124.24903300681196
1189.1054094675658 203.97499434712634 165.71282771515888
666.4025773734838 636.9036229611041 144.02312971289066
721.914455543416 505.99517454867066 -123.31063082456083
758.2497492742148 1006.0041699656902 176.89664067825663
1024.869324430479 399.3182639434407 110.88580146069305
633.9349520849521 964.6320124320124 -91.0479766460065
1190.5391336828484 872.7700004002081 -140.28124062844515
926.1166569936158 525.7886300196225 -125.45547443444185
875.3450566795809 663.9774860094706 135.0
926.8657371745494 1023.0424947363015 180.0
877.0293674551466 434.7233863551877 -145.61965527615513
767.5936164758161 791.9936762946505 -133.7039365019829
984.5 824.5 90.0
1016.4583333333333 787.4083333333333 143.13010235415598
999.6666666666666 776.6666666666666 -135.0
909.5151540734487 837.5400028141269 -151.55707137563664
1174.9949962546816 679.7163895131085 171.39551840690734
1434.9371903445096 974.7954257402926 90.0
1115.9182988407651 1035.1219970130148 164.47588900324575
1309.4456125536556 1019.0765885581592 170.0905003001236