820.1212818721141 374.7315549344404 137.51136326716306
740.9455860281074 777.1146950470733 105.8974897419251
1016.3510126747681 677.3779040898993 180.0
778.8985612380607 547.8073321780249 130.7543892158971
1110.5111664191186 416.58331660712133 -90.0
1267.093030173696 330.6187483024871 -119.2244191902009
880.1234044821061 929.8224211900764 157.48727990979037
1347.2007951471433 735.9775391425527 -93.10335932174337
1386.7470956935213 456.7460825633544 -107.87869659584135
1298.8213900638634 888.3535843631638 142.92073990164107
1087.496273629811 828.5417244662042 -131.25235502523398
1216.474414995712 617.828235390207 93.83726211732764