1325.9476432689046 505.27555103424885 106.86865763593897
1105.2699168117624 237.57598503901463 -171.62399452257333
699.8190785564315 980.3926104926777 123.59344741602762
1356.2785428818318 241.412359580903 -174.3594505678432
916.6489614841702 274.8130133763527 123.39523764362119
1118.9416407815295 456.7137708930036 -144.46232220802563
731.3371106302052 227.76992589678008 98.77273729752943
1040.909110062363 631.9193915388505 -104.62087398863166
706.8382792086599 683.1511091558683 -134.0122396003602
785.1086749951091 508.091794527822 -127.07926009835894
921.4278244471112 452.8634493399623 -118.9509952074668