1162.763645166778 791.630091992829 -138.2210402155005
1087.7407279029462 931.2898645612684 155.1517470342119
959.3380769127982 236.18642935407144 116.09542415738835
1410.4102890479978 291.53485812781753 90.0
784.739370485036 524.4847007223942 180.0
785.9879201832999 407.2611009600046 176.82016988013578
1285.5340815948812 349.80731604135264 -111.30265577748288
1097.2239811429413 590.5371047450681 178.2321729441439
780.717558685446 928.6644265593561 -118.88658176691072
1367.4334577394065 152.16552003237555 180.0
1096.635618729097 466.7369425863991 176.18592516570965
766.2579976260956 759.7066369213609 -143.7651280942071
1140.7694098721531 308.3025287161685 180.0
1092.7077353920677 153.80596427490158 -175.6839724801344
1336.5115436551064 466.274511741264 -132.7295503293349