774.8928898218418 249.98428333064209 -99.74709013910747
843.93750672694 497.05518781616615 108.32326128502405
1082.0680272108843 717.5612244897959 156.03751102542182
1122.0036102173683 643.6778296400356 95.64054943215682
1168.1344196355278 410.84159689158867 149.4475907148403
923.2602895525583 182.50452258616997 -177.90474743537612
735.6979967915759 857.2458969190901 129.1633714751305
698.9951364635881 998.9786573535118 151.9074233807091
891.2334008917713 944.3559113633293 -144.46232220802563
1351.5431467062167 210.05846001730316 128.43730149106256
1001.7637795275591 806.4817250237336 -153.74549201242792
1316.525050668254 849.5321371373499 90.0
1309.759073909651 489.3413242930556 175.4400499125882
710.2865176497252 596.095812793926 -126.08015621633773
1276.0539688128035 283.4905162170488 130.95041829672863
1044.962810490772 348.46415961268633 107.10272896905236