754.2268385493516 229.52481167973906 121.67546873810922
713.7748412795519 681.4856641788001 -140.19442890773482
763.0366544072069 490.7207735856854 -141.44953470384226
872.491434792795 369.04751863948945 148.43818815835064
1200.77785211513 204.56933584221895 -132.48863673283694
759.6294568030357 987.0064631186558 -116.56505117707799
1131.9069028332235 747.9542136609691 -117.7904424794521
948.424671438552 638.8840774574551 -164.05460409907718
1147.4277286135693 911.5713412527571 153.1260796881701
956.592023226566 166.1167750394691 -169.23185543889215
1332.8348799053229 222.96945856531914 -93.53229458389089
1456.4577650741799 242.40483190417856 -91.42320484663313
1397.4391121085264 985.5303324557996 119.78957378359792
1028.7918645076634 269.3212937786616 -144.38151016074826
950.8064130448607 516.9332875440404 -174.49452214202168
1393.3991277208706 413.92901728553136 104.63572899983967
1285.0945665340025 405.29817730864625 -96.3401917459099
1116.3634188865913 406.96373785292406 -174.08193964789237
1136.755717626541 556.0864217104654 -166.79891282429446
1265.3381832371713 684.1192407391923 -120.53754711782865
956.6979216246232 854.3082394626897 176.9695231541394
802.9247827811687 807.5598423483947 101.44506377892102
1352.7359261232464 595.8353312022731 103.09984308226628
1292.0607183460356 844.1370864738163 116.56505117707799
928.1626543713617 747.7574533485664 180.0